900 6528 5922 5393 5110
203 3594 1624 5657 16
6308 3594 2062 1624 5724
4825 5657 3594 1624 16
6599 5657 2200 4594 16
2619 5393 4594 5110 2200
4618 6731 319 4594 2200
5709 5393 5922 2062 5110
4537 3594 5657 1624 16
5188 3594 1624 5657 16
1898 3594 5657 1624 16
5701 3594 16 5724 1624
827 3594 1624 2062 5724
4484 5649 5393 5922 5110
5523 319 16 4594 2200
2031 319 16 4594 2200
6024 5657 3594 16 1624
5903 1624 4941 2062 5724
5036 5393 1439 319 2200
5344 6528 5393 5922 5110
4372 5724 16 3594 1624
6683 4941 3594 5724 1624
5646 3594 1624 5657 16
3605 5649 5393 5922 5110
6707 3594 5657 1624 16
2301 6528 5110 5393 2200
579 6731 319 4594 2200
5875 1624 16 4594 2200
6493 5922 5393 2200 5110
2800 1839 5724 5649 2062
6751 6731 319 4594 2200
6728 6528 5393 5922 5110
1194 1839 5649 5724 2062
1515 5657 3594 1624 16
1957 2530 319 4594 2200
578 6528 5393 5922 5110
3707 6731 319 4594 2200
2893 2530 319 4594 2200
2707 5393 5922 2200 5110
4394 5393 319 4594 2200
4722 6731 319 4594 2200
3114 3594 16 5724 1624
4235 2062 5922 5110 5649
5025 16 3594 5724 1624
6343 3594 4941 1624 5724
1914 5110 5724 5649 2062
6120 5393 6528 1439 2200
1294 5657 3594 16 1624
1112 5110 1624 2062 5724
6463 6731 319 4594 2200
2903 319 16 2200 4594
3924 5649 5110 5724 2062
852 5922 6528 5110 5393
63 3594 16 5724 1624
3338 4941 1624 2062 5724
1284 5393 5922 5110 2200
5508 5657 16 3594 1624
6323 16 2062 5724 1624
1935 2530 319 4594 2200
5510 4608 2200 4594 16
965 5724 3594 1624 16
4887 5922 5110 2062 5649
5746 3186 1839 5724 2062
5172 6731 319 2200 4594
457 5657 5724 3594 1624
3616 6731 319 4594 2200
4109 6731 319 2200 4594
3926 5657 3594 1624 16
2496 5393 5922 2062 5110
916 5393 5110 4594 2200
6579 5110 319 4594 2200
772 4941 3594 5724 1624
5413 4941 5724 3594 1624
3491 16 3594 5724 1624
3071 2530 319 4594 2200
1243 3594 1624 2062 5724
1641 3594 1624 2062 5724
3613 6731 319 2200 4594
6709 4941 5724 3594 1624
4534 6528 5922 5393 5110
