900 900 4119 4563 6367
203 203 1452 758 3039
6308 6308 2479 1073 2551
4825 4825 4117 924 3829
6599 6599 4058 4800 2675
2619 2619 29 3439 4295
4618 4618 6115 4706 6377
5709 5709 6795 3923 3754
4537 4537 870 1892 676
5188 5188 6095 2066 2433
1898 1898 1829 2506 5777
5701 5701 4395 5168 396
827 827 5666 1243 2711
4484 4484 1745 530 6478
5523 5523 5469 2069 4999
2031 2031 2152 1255 1188
6024 6024 2587 3676 6520
5903 5903 97 305 1165
5036 5036 5089 5882 42
5344 5344 23 2932 5773
4372 4372 5311 2211 19
6683 6683 4081 3635 5816
5646 5646 3287 6606 2322
3605 3605 1023 813 5431
6707 6707 1892 5998 5779
2301 2301 5715 1570 3928
579 579 169 1603 905
5875 5875 1137 6633 719
6493 6493 2541 4857 4433
2800 2800 1682 5548 2238
6751 6751 961 5621 6119
6728 6728 1680 1896 588
1194 1194 3220 2947 4811
1515 1515 1546 5017 415
1957 1957 4370 1100 4991
578 578 4494 5486 819
3707 3707 4015 5856 1211
2893 2893 2733 532 4100
2707 2707 5990 2328 5278
4394 4394 3623 1412 108
4722 4722 568 5668 4025
3114 3114 433 931 2840
4235 4235 5101 3771 2076
5025 5025 2029 6363 3109
6343 6343 742 2199 3983
1914 1914 1985 4266 4191
6120 6120 242 3600 2606
1294 1294 5260 4044 4464
1112 1112 1516 1712 2802
6463 6463 2134 2249 3571
2903 2903 5744 6030 1950
3924 3924 5970 6499 4710
852 852 5008 4809 4607
63 63 4852 396 6781
3338 3338 6403 4440 3142
1284 1284 6430 6623 6242
5508 5508 5417 1119 3964
6323 6323 3062 3569 4026
1935 1935 1731 5761 3005
5510 5510 1144 3867 3435
965 965 6036 3070 2436
4887 4887 406 6635 620
5746 5746 5766 4975 6086
5172 5172 5022 6296 6466
457 457 2158 2483 2182
3616 3616 4053 3526 2006
4109 4109 1895 3870 797
3926 3926 5325 2686 6556
2496 2496 5690 2847 5068
916 916 3699 4701 1608
6579 6579 472 5170 5574
772 772 6688 2492 458
5413 5413 471 5581 6057
3491 3491 241 5577 6217
3071 3071 2178 2710 4097
1243 1243 5553 827 2071
1641 1641 636 349 856
3613 3613 410 1283 2113
6709 6709 2307 3927 5439
4534 4534 3124 4532 3773
