900 54 360 247 769
203 481 548 266 802
6308 378 870 920 905
4825 208 359 650 682
6599 46 484 675 809
2619 129 926 475 637
4618 581 255 417 510
5709 181 228 731 149
4537 796 834 778 835
5188 70 53 531 580
1898 111 922 677 759
5701 195 950 298 407
827 738 795 157 392
4484 499 866 355 519
5523 797 800 740 777
2031 797 800 740 967
6024 619 895 662 734
5903 37 500 739 783
5036 472 610 283 296
5344 149 538 839 324
4372 345 619 365 206
6683 534 757 306 718
5646 611 753 41 68
3605 18 122 850 194
6707 834 796 732 778
2301 599 735 530 588
579 468 740 518 234
5875 777 799 961 509
6493 475 637 921 79
2800 384 116 117 433
6751 518 740 468 797
6728 324 860 526 149
1194 87 33 436 286
1515 880 734 895 347
1957 805 652 207 803
578 526 644 691 917
3707 147 370 152 369
2893 65 325 678 82
2707 475 637 921 860
4394 124 785 982 160
4722 173 112 983 269
3114 905 195 950 461
4235 81 80 90 277
5025 298 407 932 592
6343 37 365 345 500
1914 793 856 138 310
6120 127 274 512 565
1294 619 347 659 728
1112 509 181 228 731
6463 22 255 417 516
2903 967 69 780 676
3924 0 627 726 942
852 386 364 171 498
63 195 950 461 508
3338 608 771 934 738
1284 671 860 475 637
5508 619 345 365 206
6323 905 509 378 181
1935 99 864 265 83
5510 330 868 202 120
965 320 720 506 694
4887 240 284 747 925
5746 37 384 33 436
5172 278 615 23 937
457 619 365 345 206
3616 387 495 147 370
4109 518 468 760 744
3926 15 609 749 687
2496 181 228 731 149
916 354 671 129 926
6579 618 777 799 961
772 365 345 739 783
5413 365 345 619 206
3491 298 407 932 195
3071 976 408 207 913
1243 157 392 738 795
1641 157 392 870 920
3613 423 673 415 447
6709 365 345 206 659
4534 79 823 475 637
