900 339 342 494 640
203 772 684 971 318
6308 613 833 123 492
4825 145 956 684 318
6599 772 684 971 318
2619 339 342 494 640
4618 971 494 640 37
5709 494 640 123 492
4537 118 971 684 318
5188 772 971 684 318
1898 118 971 684 318
5701 684 833 318 492
827 613 833 123 492
4484 339 342 494 640
5523 492 971 684 318
2031 956 971 684 318
6024 5 145 956 318
5903 85 833 123 492
5036 339 611 494 640
5344 123 492 494 640
4372 5 145 956 492
6683 123 613 833 492
5646 118 971 684 318
3605 339 342 494 640
6707 118 971 684 318
2301 342 611 494 640
579 772 684 971 318
5875 956 684 492 318
6493 339 342 494 640
2800 492 59 34 123
6751 772 684 971 318
6728 492 342 494 640
1194 833 34 492 123
1515 145 956 684 318
1957 339 611 494 640
578 339 342 494 640
3707 772 318 971 37
2893 619 494 640 37
2707 339 342 494 640
4394 339 611 494 640
4722 500 81 971 37
3114 123 833 318 492
4235 339 342 494 640
5025 613 833 318 492
6343 123 613 833 492
1914 640 34 492 123
6120 339 611 494 640
1294 5 145 956 318
1112 318 833 123 492
6463 611 37 494 640
2903 772 971 684 318
3924 34 833 123 492
852 339 611 494 640
63 123 833 318 492
3338 613 833 123 492
1284 339 342 494 640
5508 5 145 956 492
6323 318 833 123 492
1935 37 611 494 640
5510 684 772 318 971
965 956 684 492 318
4887 342 123 494 640
5746 833 34 492 123
5172 318 772 37 971
457 145 956 613 492
3616 318 772 971 37
4109 772 684 971 318
3926 956 971 684 318
2496 640 833 123 492
916 342 492 494 640
6579 956 684 492 318
772 123 613 833 492
5413 956 613 833 492
3491 123 318 833 492
3071 339 611 494 640
1243 613 833 123 492
1641 613 833 123 492
3613 318 772 37 971
6709 956 833 613 492
4534 339 342 494 640
